4935
9685
1935
4313
7397
12629
15646
13089
11562
1158
4914
17664
3091
17662
1344
19244
15589
12934
14184
10256
9277
1719
8961
11728
508
8756
11870
17376
11919
905
19844
19042
14496
6247
8267
2340
9182
8060
14133
10518
6092
7348
2770
7564
4333
3506
5295
10871
8331
10637
11554
3236
3242
10186
10327
14066
18991
15262
4151
8500
783
3456
12253
4138
14842
10608
2937
2559
2916
9098
448
6403
5399
3112
14906
7046
4890
8314
3241
89
6207
2823
5113
8933
5135
4161
3437
14120
1014
2473
1956
18099
6351
40
13805
18788
3021
6473
9647
11428
2894
3479
2711
576
8865
1786
10848
16649
8145
16432
10341
9482
1048
13645
3718
8236
17541
18098
603
9035
11593
7791
10811
17526
9444
12569
5771
13737
1811
1834
15175
4267
12758
5147
2962
7495
19906
10369
10430
5770
17899
5642
1211
12417
4880
11543
12063
3664
5156
10967
6361
1202
1471
9511
12086
12532
13001
1931
1647
10512
3554
11115
2136
9099
11026
19790
2698
8557
14899
151
16555
10979
7296
12706
8227
11350
13756
7549
10686
15978
5859
2406
19168
7638
3729
10216
10219
10502
5908
19062
16081
1426
8019
13027
16219
8348
3866
12071
2869
14252
