7020
3314
2432
1548
4360
18894
6613
8450
7767
6358
4890
2033
1339
2104
9702
12302
6103
620
12724
4291
862
10033
8714
2342
17309
14412
646
6071
5096
5632
5581
18619
2405
1868
9875
15611
10298
18919
9354
508
19959
9724
8587
18621
12004
422
9797
8243
11433
12330
17416
8388
9279
10966
337
19908
6489
4701
14483
4563
5106
3088
10697
947
9525
5947
18238
4011
2895
19237
3353
4029
181
14758
11529
9703
2069
12230
9044
19292
9982
1241
10720
4448
846
5884
3965
18789
1887
1454
12633
9449
240
6030
19233
9612
11509
2745
9944
19218
351
5280
14970
17372
4009
1164
15469
6407
8935
305
12652
65
8815
11378
3826
8527
9508
1626
12073
19969
1094
19286
14768
4592
8956
15028
11662
18236
6589
348
3257
13640
15745
8688
10021
11378
3818
9541
16301
7027
12114
3007
3587
1499
19027
9358
16536
3850
7481
170
11050
2446
5736
943
1936
9952
6284
9624
2374
3997
420
9438
19513
6853
4270
5613
15474
5974
12177
12011
7459
11494
461
6600
11507
7010
4675
17155
11721
6345
164
6306
1209
1543
3163
17295
5489
10962
5977
15572
3523
14855
995
10517
17585
67
8766
18415
3290
6336
